text,retweets,replies,tweet_interactions
1,121,37,158
2,26,24,50
2,29,2,31
1,9,7,16
7,637,36,673
3,195,98,293
3,3267,72,3339
6,185,40,225
1,34,4,38
1,0,2,2
5,33,19,52
8,51224,2038,53262
3,161,14,175
7,78,24,102
3,105,11,116
3,116,38,154
1,68,28,96
3,135,31,166
1,51,3,54
2,23,5,28
3,63,53,116
1,445,195,640
1,2,0,2
1,9,15,24
3,1303,184,1487
1,103,12,115
2,114,19,133
1,32,14,46
2,68,25,93
1,47,31,78
2,112,19,131
1,3,9,12
2,225,32,257
1,6,1,7
3,110,24,134
2,157,48,205
4,1159,211,1370
1,21,30,51
1,56,15,71
1,29,4,33
1,27,6,33
1,168,9,177
3,253,42,295
1,131,17,148
1,1,5,6
1,19,6,25
1,82,31,113
2,27,34,61
1,52,10,62
1,38,6,44
1,54,2,56
2,293,42,335
1,39,3,42
1,28,3,31
1,171,26,197
2,11,15,26
1,9,0,9
2,358,53,411
1,6,7,13
2,64,11,75
3,159,31,190
1,39,31,70
1,7,5,12
1,687,114,801
2,159,25,184
1,21,5,26
1,7,0,7
2,221,48,269
1,455,30,485
4,531,92,623
3,287,28,315
2,144,27,171
1,46,10,56
1,103,23,126
1,43,18,61
3,249,68,317
1,44,16,60
2,746,141,887
2,253,46,299
9,3266,704,3970
1,210,25,235
4,3064,250,3314
2,751,155,906
4,1230,193,1423
1,130,17,147
2,72,22,94
1,325,21,346
2,511,107,618
1,5,5,10
2,341,70,411
3,158,23,181
1,47,9,56
1,382,40,422
2,82,72,154
2,272,98,370
1,297,82,379
2,65,22,87
1,125,56,181
2,556,84,640
1,88,31,119
3,247,51,298
2,616,41,657
7,400,80,480
3,2221,450,2671
6,1025,247,1272
3,503,91,594
1,6,2,8
1,32,75,107
2,468,88,556
1,814,34,848
3,394,51,445
2,269,21,290
1,219,27,246
1,326,20,346
1,360,54,414
1,293,91,384
1,107,13,120
1,191,38,229
1,122,23,145
1,874,77,951
1,635,100,735
2,181,30,211
1,593,61,654
1,5,8,13
1,338,37,375
1,114,15,129
1,740,139,879
1,347,36,383
1,141,17,158
5,678,192,870
2,223,42,265
1,46,13,59
1,212,31,243
1,102,16,118
1,74,9,83
2,175,47,222
1,48,36,84
5,427,110,537
2,357,87,444
2,174,34,208
2,200,28,228
1,2,1,3
1,209,27,236
3,1141,317,1458
1,684,126,810
1,2,3,5
1,699,68,767
1,708,124,832
1,165,48,213
2,296,73,369
1,217,53,270
7,361,92,453
5,233,55,288
1,338,20,358
2,142,36,178
4,906,137,1043
2,3,5,8
2,166,37,203
2,457,67,524
2,245,105,350
1,177,42,219
1,579,71,650
1,207,35,242
1,357,45,402
3,1783,127,1910
3,288,62,350
1,222,60,282
1,57,9,66
6,1663,338,2001
1,91,42,133
2,150,44,194
1,386,77,463
1,96,34,130
1,99,12,111
1,9,6,15
1,5,1,6
1,252,25,277
3,555,62,617
15,5429,1021,6450
1,331,60,391
1,214,72,286
9,576,230,806
2,559,162,721
1,206,46,252
2,72,18,90
1,232,40,272
3,733,112,845
9,663,266,929
2,5,5,10
2,1048,199,1247
6,921,223,1144
3,505,113,618
3,681,162,843
2,68,36,104
4,641,175,816
8,342,127,469
2,200,65,265
4,826,530,1356
9,453,367,820
2,54,25,79
6,798,235,1033
1,208,107,315
2,516,103,619
2,187,23,210
1,128,12,140
3,616,140,756
8,1793,432,2225
2,5,4,9
5,449,154,603
2,1,5,6
1,439,87,526
2,374,43,417
5,3,8,11
6,429,201,630
13,224,118,342
4,15,6,21
4,16,7,23
3,553,274,827
5,513,223,736
2,480,224,704
4,513,390,903
11,490,227,717
5,65,46,111
2,127,135,262
1,18,7,25
2,114,120,234
2,4,5,9
2,28,42,70
1,1841,251,2092
3,481,159,640
6,1236,271,1507
33,4019,2085,6104
2,142,59,201
2,674,250,924
4,1780,297,2077
1,1071,233,1304
4,1022,270,1292
2,235,69,304
1,256,64,320
2,324,159,483
4,696,219,915
1,122,136,258
1,436,106,542
2,221,85,306
1,0,3,3
3,3,10,13
3,941,120,1061
1,749,96,845
1,50,25,75
1,594,122,716
1,1787,314,2101
2,2242,212,2454
2,556,49,605
5,3170,641,3811
1,856,237,1093
1,326,40,366
1,427,158,585
1,471,46,517
1,215,56,271
3,8301,1255,9556
1,1186,280,1466
1,694,199,893
1,2118,382,2500
4,3835,838,4673
1,328,70,398
1,251,81,332
2,2984,550,3534
1,398,114,512
1,897,283,1180
3,1044,238,1282
1,89,40,129
1,136,53,189
3,2888,466,3354
2,1173,278,1451
2,743,139,882
2,637,129,766
1,236,43,279
1,646,86,732
6,2967,669,3636
1,1260,309,1569
1,1847,398,2245
1,272,134,406
1,437,69,506
1,350,58,408
1,750,131,881
1,1020,223,1243
1,478,88,566
4,6088,1818,7906
1,692,122,814
4,801,230,1031
1,136,74,210
1,306,116,422
12,3184,697,3881
1,45,28,73
2,440,95,535
4,1187,260,1447
9,1435,455,1890
1,2031,252,2283
3,1243,184,1427
1,190,46,236
2,372,106,478
2,1636,215,1851
1,11,6,17
1,3,1,4
1,4,30,34
2,419,108,527
1,309,95,404
1,567,184,751
3,1676,304,1980
1,1142,264,1406
1,1244,228,1472
1,533,89,622
2,973,269,1242
1,647,195,842
1,166,28,194
2,1369,213,1582
2,1821,279,2100
1,473,182,655
1,16,26,42
1,9,7,16
2,1741,259,2000
6,3405,652,4057
1,1082,279,1361
1,3,8,11
1,11,11,22
3,336,260,596
1,681,124,805
4,483,90,573
7,822,253,1075
3,1091,285,1376
1,653,103,756
9,3623,582,4205
2,1437,308,1745
2,641,94,735
1,252,64,316
6,1955,252,2207
2,1615,350,1965
1,557,142,699
1,106,41,147
2,3072,506,3578
1,363,41,404
8,3292,461,3753
2,42,18,60
1,1504,121,1625
2,507,80,587
1,556,115,671
1,261,84,345
1,4,7,11
2,8687,1483,10170
3,3591,504,4095
1,722,181,903
1,446,69,515
2,724,131,855
3,1598,318,1916
1,136,99,235
1,488,81,569
1,110,168,278
6,8573,1431,10004
4,3398,311,3709
3,2253,383,2636
1,984,115,1099
2,2572,599,3171
4,543,191,734
1,1262,194,1456
4,5667,438,6105
2,1499,158,1657
2,1361,225,1586
1,0,3,3
1,1516,281,1797
3,2748,343,3091
2,355,103,458
1,408,52,460
2,13843,2485,16328
1,1089,259,1348
1,1295,223,1518
1,1129,144,1273
1,685,147,832
1,564,66,630
1,2084,454,2538
3,1925,359,2284
1,1174,79,1253
1,618,102,720
1,521,95,616
2,2283,268,2551
1,677,111,788
2,3069,420,3489
2,1194,169,1363
4,1961,309,2270
3,481,140,621
1,120,102,222
2,1087,449,1536
4,2486,317,2803
2,3116,395,3511
1,1757,208,1965
2,751,261,1012
1,353,49,402
1,4394,550,4944
2,4420,467,4887
3,2337,396,2733
11,16385,2321,18706
1,1585,172,1757
1,3541,216,3757
4,6824,782,7606
6,8304,754,9058
1,10,12,22
1,2850,383,3233
5,3504,491,3995
5,6048,1319,7367
1,1650,195,1845
5,8344,1092,9436
1,465,245,710
4,6195,907,7102
3,1605,554,2159
8,11048,1798,12846
1,1489,244,1733
1,1688,188,1876
1,1611,201,1812
3,1593,268,1861
1,623,132,755
1,566,91,657
1,973,146,1119
3,13837,1911,15748
3,2041,518,2559
1,1768,316,2084
1,1004,103,1107
2,1277,303,1580
3,2260,691,2951
1,711,168,879
4,1742,225,1967
1,218,243,461
2,2742,638,3380
4,3574,829,4403
1,6440,1035,7475
2,2090,641,2731
1,1677,377,2054
1,1496,572,2068
3,1325,279,1604
1,416,69,485
4,2653,564,3217
1,5,2,7
4,2922,734,3656
3,15159,2561,17720
4,18112,1898,20010
2,1475,300,1775
2,1024,250,1274
1,50,31,81
2,1702,383,2085
1,4223,964,5187
1,14,16,30
2,1262,183,1445
1,3061,348,3409
2,2740,390,3130
1,2447,187,2634
1,1796,162,1958
3,2718,444,3162
6,3398,691,4089
2,2653,305,2958
3,1179,1046,2225
1,1201,237,1438
1,39,37,76
1,141,53,194
2,974,120,1094
1,852,143,995
1,824,143,967
6,3004,418,3422
6,9881,1740,11621
1,2330,673,3003
1,1047,223,1270
1,779,143,922
1,1187,224,1411
1,53,20,73
2,3244,394,3638
2,114,15,129
6,4107,585,4692
1,2349,349,2698
1,70,38,108
1,890,144,1034
1,1578,114,1692
2,2303,338,2641
6,7542,1088,8630
2,3977,616,4593
1,1192,160,1352
3,4100,463,4563
2,838,363,1201
1,419,141,560
1,1591,131,1722
2,3782,379,4161
1,758,233,991
8,2429,475,2904
1,1824,244,2068
4,4536,745,5281
2,1212,167,1379
10,2545,374,2919
2,21,10,31
3,933,106,1039
2,196,41,237
1,847,179,1026
12,2233,2652,4885
3,91,154,245
4,2543,373,2916
7,1379,326,1705
3,537,127,664
1,235,91,326
2,1333,181,1514
1,6,2,8
1,60,21,81
1,33,16,49
1,16,33,49
1,32,18,50
6,7828,1379,9207
8,6007,679,6686
1,332,115,447
1,1576,183,1759
1,25,10,35
1,146,25,171
1,700,61,761
2,1324,217,1541
1,3678,246,3924
1,521,84,605
11,2310,783,3093
4,3085,597,3682
1,1098,202,1300
1,1818,229,2047
8,52384,3768,56152
1,4803,534,5337
1,874,260,1134
3,8981,1011,9992
1,1127,127,1254
2,2837,330,3167
2,1567,322,1889
10,12451,2286,14737
2,8227,1288,9515
1,1440,394,1834
1,47,53,100
1,268,72,340
1,2338,970,3308
1,1877,295,2172
2,1945,247,2192
6,4910,854,5764
3,4355,575,4930
1,13,14,27
4,1709,354,2063
3,8996,1081,10077
1,747,34,781
3,2018,282,2300
1,53,18,71
2,5054,498,5552
4,40,20,60
2,1130,227,1357
1,1823,310,2133
3,1618,238,1856
4,2068,355,2423
1,73,23,96
3,6067,993,7060
2,3797,337,4134
3,2392,393,2785
2,11,13,24
1,11,12,23
1,967,168,1135
1,2556,616,3172
5,6290,651,6941
11,11034,1988,13022
14,26707,2890,29597
12,10662,2465,13127
37,13569,4280,17849
8,567,448,1015
3,1707,280,1987
6,394,186,580
2,4365,670,5035
7,5380,708,6088
4,7079,1431,8510
1,95,34,129
3,1255,291,1546
1,3074,224,3298
4,3575,553,4128
1,1025,165,1190
5,4960,534,5494
1,175,9,184
5,5479,688,6167
3,30,26,56
17,1728,343,2071
9,1510,306,1816
2,3744,520,4264
2,2343,462,2805
6,17160,1809,18969
4,473,224,697
1,6,9,15
5,4836,751,5587
3,1517,258,1775
2,4356,475,4831
7,1245,348,1593
1,10,3,13
5,2467,313,2780
1,792,95,887
1,52,18,70
1,1317,124,1441
1,742,128,870
4,3272,698,3970
2,9899,747,10646
1,1096,109,1205
1,7,43,50
1,1090,91,1181
3,1560,400,1960
3,17974,1135,19109
7,7321,2657,9978
3,4186,499,4685
1,525,84,609
1,2357,242,2599
3,1980,286,2266
2,5031,456,5487
5,3454,1061,4515
1,20,147,167
8,6454,961,7415
6,6601,1170,7771
4,15837,1181,17018
4,11004,1113,12117
2,965,182,1147
1,164,89,253
4,1199,471,1670
1,355,1028,1383
4,1976,345,2321
2,1660,408,2068
5,1186,555,1741
7,2248,351,2599
4,2200,181,2381
3,900,165,1065
21,18402,2004,20406
3,1568,307,1875
1,1644,235,1879
4,6627,571,7198
11,2812,679,3491
7,2127,750,2877
12,6295,1029,7324
8,11731,1837,13568
3,2350,1055,3405
9,4054,1733,5787
6,20334,1678,22012
1,1739,553,2292
1,818,204,1022
1,19,20,39
3,7511,605,8116
2,2611,353,2964
1,568,86,654
3,3974,652,4626
7,9000,1026,10026
2,134,70,204
1,27,96,123
1,2156,472,2628
4,3454,479,3933
1,2597,163,2760
1,291,107,398
1,1894,548,2442
1,1229,227,1456
1,2159,144,2303
2,4918,919,5837
2,147,64,211
1,1949,147,2096
5,2146,409,2555
3,5736,1660,7396
10,7648,2048,9696
1,896,338,1234
4,14714,804,15518
6,2103,316,2419
8,2315,2673,4988
2,1632,283,1915
1,14,29,43
11,4522,781,5303
4,8774,758,9532
1,1270,143,1413
9,14297,1034,15331
6,11780,1461,13241
4,353,116,469
2,277,52,329
6,3401,731,4132
2,1840,377,2217
2,1239,335,1574
2,82,85,167
3,2874,573,3447
5,6138,931,7069
8,15997,1564,17561
1,30,22,52
3,1963,717,2680
1,210,55,265
5,8387,1763,10150
15,25498,3179,28677
1,5732,443,6175
2,1138,327,1465
1,14,37,51
2,2539,1005,3544
4,3310,727,4037
6,8666,1830,10496
1,11,12,23
4,3279,367,3646
25,6966,1644,8610
7,613,199,812
1,5246,714,5960
1,25,29,54
1,2004,304,2308
5,4580,786,5366
2,2759,470,3229
1,45,31,76
7,8398,971,9369
5,4752,835,5587
2,25,106,131
1,40,38,78
1,5834,544,6378
1,4594,651,5245
1,2812,138,2950
1,11891,800,12691
2,250,262,512
5,25621,5657,31278
2,83,60,143
1,3,11,14
2,5338,932,6270
9,872,273,1145
15,6395,1059,7454
2,683,159,842
4,1559,627,2186
1,3039,492,3531
1,84,28,112
1,26,16,42
3,1595,398,1993
1,32,36,68
3,359,139,498
8,2809,652,3461
2,6614,1176,7790
3,9526,805,10331
6,1257,443,1700
1,832,191,1023
8,4222,479,4701
6,2346,591,2937
8,1025,313,1338
1,30,13,43
6,5323,769,6092
14,20936,4392,25328
2,5981,1258,7239
2,3208,632,3840
6,33196,6633,39829
6,14466,2381,16847
1,60,88,148
1,46,53,99
1,22714,4895,27609
17,30147,6150,36297
42,18990,5595,24585
9,7944,1085,9029
4,1492,347,1839
1,8,13,21
3,2125,403,2528
1,85,51,136
4,22256,1375,23631
9,9916,2327,12243
3,2129,559,2688
11,7736,1712,9448
3,36588,3090,39678
1,853,219,1072
5,100,103,203
3,6511,1474,7985
2,33612,3287,36899
2,4200,375,4575
1,8614,1083,9697
3,5052,1525,6577
3,6900,783,7683
1,1329,218,1547
10,6550,1764,8314
1,84,51,135
3,4742,536,5278
1,18,66,84
3,547,154,701
1,31,34,65
49,32866,6412,39278
8,5799,1617,7416
2,722,466,1188
1,12384,1294,13678
10,4181,1599,5780
3,12353,1924,14277
4,481,203,684
3,3624,990,4614
1,6139,405,6544
3,1186,881,2067
4,2053,915,2968
4,16370,2161,18531
2,27,69,96
1,14,41,55
2,336,441,777
3,28,35,63
1,8,13,21
4,12485,2075,14560
6,20782,2667,23449
1,757,382,1139
11,6181,17671,23852
2,1541,1027,2568
2,1493,582,2075
10,10796,2256,13052
4,1884,1368,3252
8,7834,1720,9554
5,7595,1983,9578
6,5076,1490,6566
2,2465,449,2914
5,13781,2739,16520
3,321,249,570
1,8,31,39
24,5059,1569,6628
3,570,400,970
5,118,104,222
3,2488,537,3025
3,3644,1350,4994
2,91,51,142
2,182,143,325
6,19720,4940,24660
5,251072,29765,280837
1,431,138,569
1,2028,663,2691
4,11589,1576,13165
9,4199,1054,5253
12,20347,3033,23380
9,5403,2219,7622
34,11072,4480,15552
24,22232,3358,25590
2,1213,192,1405
2,103,77,180
4,4689,847,5536
1,1080,254,1334
5,18028,2222,20250
3,4965,1318,6283
11,8137,2250,10387
1,17,31,48
5,5503,946,6449
3,4325,815,5140
6,6176,1573,7749
7,7962,2468,10430
1,16,60,76
18,12244,2950,15194
2,5210,480,5690
3,3352,955,4307
14,35091,5909,41000
8,6251,1853,8104
6,4456,1543,5999
4,24970,6416,31386
1,1021,349,1370
1,1017,495,1512
2,3720,1311,5031
1,8814,1375,10189
2,1091,837,1928
4,68471,7383,75854
13,8787,3161,11948
1,906,429,1335
6,7046,1288,8334
13,20645,4956,25601
2,52,56,108
6,5186,1169,6355
1,499,158,657
8,74897,9585,84482
5,2888,777,3665
2,156,87,243
7,14734,2546,17280
2,6280,1378,7658
1,21,28,49
5,5323,1278,6601
8,5563,1195,6758
10,9518,2424,11942
4,10411,1396,11807
1,3031,520,3551
4,7965,1644,9609
1,6102,693,6795
1,718,347,1065
5,24357,1541,25898
8,4879,1991,6870
1,304,163,467
11,7047,1388,8435
9,51066,6562,57628
1,1869,746,2615
6,6704,1841,8545
3,3349,539,3888
8,725,580,1305
4,4969,964,5933
3,5261,1717,6978
4,6175,1243,7418
6,22881,3420,26301
12,7238,1870,9108
2,132,98,230
11,7039,1232,8271
17,55301,7037,62338
1,3523,881,4404
4,408,314,722
5,7334,1783,9117
9,53044,7162,60206
1,4050,1265,5315
2,227,147,374
2,14385,1870,16255
4,11730,1435,13165
1,32,28,60
4,958,644,1602
1,88,69,157
1,3911,256,4167
1,3135,626,3761
3,3330,949,4279
4,6409,1179,7588
2,2647,1044,3691
3,5747,803,6550
7,37281,5838,43119
2,131,89,220
1,3270,1009,4279
8,26926,3034,29960
19,12346,3085,15431
2,5243,940,6183
6,7115,1600,8715
1,1053,585,1638
1,20,18,38
9,2812,1356,4168
2,2174,1009,3183
1,1356,388,1744
2,3999,440,4439
2,3412,1051,4463
8,7550,4053,11603
2,362,120,482
3,1891,373,2264
3,6338,1867,8205
4,9627,3576,13203
2,8191,2433,10624
1,361,167,528
1,26467,1880,28347
2,91275,3641,94916
1,2495,424,2919
2,28089,3720,31809
1,1931,378,2309
4,15014,3020,18034
2,132294,11313,143607
3,15120,4018,19138
1,19,52,71
1,1365,645,2010
1,7464,1145,8609
1,16,31,47
1,363,411,774
3,89466,6843,96309
2,1553,209,1762
5,43593,5361,48954
7,10294,2268,12562
7,25797,5364,31161
13,10405,5659,16064
1,21162,1856,23018
3,4400,1121,5521
5,14809,3811,18620
1,1970,2521,4491
2,19275,2728,22003
4,1636,1463,3099
5,6821,1551,8372
2,1502,2089,3591
3,132,89,221
1,10020,1122,11142
7,31642,4364,36006
12,41826,9090,50916
9,134490,13593,148083
7,45625,11770,57395
2,111,102,213
12,15476,16343,31819
1,68,114,182
2,10003,4085,14088
1,19512,2829,22341
4,16851,4648,21499
1,3144,807,3951
2,240,211,451
1,43,55,98
1,98,83,181
2,99,140,239
1,45,119,164
1,13720,2190,15910
1,11014,1450,12464
15,183431,21648,205079
8,23026,4089,27115
1,665,708,1373
6,14257,3956,18213
6,33087,6196,39283
5,70539,5579,76118
3,29615,5402,35017
1,6237,682,6919
8,47927,8349,56276
13,317005,35853,352858
5,63546,13033,76579
3,14463,4845,19308
14,1406,680,2086
1,826,339,1165
2,3879,2236,6115
1,11865,1885,13750
1,9405,661,10066
5,12924,2457,15381
13,31423,6749,38172
1,984,372,1356
2,788,269,1057
6,16672,3982,20654
1,51,53,104
1,2842,1409,4251
4,723,330,1053
1,9734,1541,11275
2,3388,669,4057
5,19391,4208,23599
6,34255,4655,38910
11,53892,6987,60879
4,5653,4444,10097
3,32471,4649,37120
1,20,61,81
6,5646,3713,9359
3,2804,734,3538
1,138,94,232
1,925,752,1677
2,1678,963,2641
2,4081,872,4953
11,9384,2101,11485
20,28942,4968,33910
2,4220,989,5209
1,2456,1266,3722
8,10508,3116,13624
3,12135,2744,14879
4,9096,2812,11908
4,3946,1866,5812
4,7175,1885,9060
9,55496,12275,67771
9,6923,2329,9252
3,4793,1601,6394
2,2549,532,3081
4,22368,3906,26274
2,2515,742,3257
9,2735,1090,3825
3,5478,2031,7509
2,295,239,534
1,20,50,70
2,409,259,668
6,9358,1985,11343
6,27090,6165,33255
2,6177,2145,8322
3,2961,2198,5159
3,33938,2297,36235
1,18,29,47
4,99712,16033,115745
2,8681,1050,9731
1,1959,427,2386
2,933,197,1130
2,2961,1982,4943
1,211,121,332
6,8447,2483,10930
1,574,409,983
17,12335,4918,17253
11,68392,29125,97517
7,26103,4769,30872
4,5691,2461,8152
3,1469,187,1656
12,3548,2001,5549
7,2651,930,3581
15,8064,2940,11004
4,2951,999,3950
3,1282,418,1700
10,40917,7083,48000
3,3638,1419,5057
3,5620,1932,7552
8,14173,3597,17770
1,3613,1305,4918
24,18710,5836,24546
16,4224,1498,5722
30,14593,19760,34353
35,105344,33156,138500
29,29772,10187,39959
21,10396,6948,17344
38,22359,8824,31183
15,7819,3864,11683
10,1311,711,2022
25,11914,4503,16417
13,4856,1868,6724
12,32789,3502,36291
10,15439,3021,18460
15,10157,3692,13849
6,695,379,1074
2,7200,1121,8321
2,100,108,208
2,60,104,164
5,1080,561,1641
7,10691,2385,13076
15,52552,8851,61403
24,7035,2779,9814
2,70,70,140
2,10195,1987,12182
3,989,439,1428
1,977,121,1098
19,84995,15421,100416
22,24017,11690,35707
48,19814,6550,26364
4,371,291,662
33,5968,4096,10064
13,1438,849,2287
5,10165,2685,12850
16,2616,2198,4814
17,18913,7166,26079
8,6266,958,7224
25,13710,4518,18228
8,10412,31024,41436
15,3443,1382,4825
11,3269,4172,7441
20,40790,8621,49411
1,54,133,187
1,12972,4833,17805
3,319,169,488
2,4340,1341,5681
10,8357,1376,9733
30,6457,2961,9418
20,14399,3149,17548
12,47038,6125,53163
27,72785,8658,81443
6,102546,10323,112869
14,46251,8436,54687
24,38592,8347,46939
19,10897,4999,15896
6,2974,1738,4712
14,5886,4660,10546
5,9857,7786,17643
1,53,175,228
4,4338,3596,7934
5,848,763,1611
18,5106,2494,7600
1,47,65,112
9,2246,1308,3554
1,17,41,58
5,2494,1435,3929
2,3058,994,4052
3,612,616,1228
4,1157,555,1712
6,16790,7871,24661
8,4264,2700,6964
12,6493,3101,9594
19,21323,8693,30016
1,24,55,79
2,1641,871,2512
18,5034,2750,7784
2,226,157,383
12,27338,14965,42303
4,1330,666,1996
3,404,308,712
15,34762,7925,42687
1,3029,866,3895
4,577,344,921
4,1758,1227,2985
4,13723,3885,17608
2,6494,2109,8603
2,3593,1718,5311
5,5524,3296,8820
3,357,251,608
6,5859,2382,8241
3,6071,1921,7992
13,11947,5113,17060
1,8685,1575,10260
1,15,59,74
10,3243,3262,6505
1,118,71,189
1,381,609,990
3,4226,1530,5756
1,737,311,1048
2,16077,3123,19200
1,1397,728,2125
6,13894,5273,19167
5,13190,3845,17035
4,5326,2009,7335
3,1666,1528,3194
5,4599,1617,6216
9,8196,2182,10378
2,2277,1240,3517
6,2909,1453,4362
25,41526,8587,50113
16,43308,8647,51955
8,6325,2512,8837
14,3474,1466,4940
2,43293,6856,50149
1,339,345,684
2,283,403,686
4,3138,2908,6046
3,1202,454,1656
5,23030,4977,28007
3,3664,1097,4761
1,2550,1678,4228
3,645,634,1279
13,17611,8112,25723
16,5687,3187,8874
8,3550,1600,5150
1,638,473,1111
4,41198,3919,45117
8,6462,1650,8112
3,9736,3013,12749
2,587,220,807
8,47292,9432,56724
5,1867,809,2676
8,102893,15697,118590
8,13974,4400,18374
7,2823,848,3671
7,4057,3077,7134
12,15350,7591,22941
7,410305,20504,430809
9,11413,1801,13214
7,48668,5782,54450
17,182378,19647,202025
9,23450,5700,29150
20,197539,66770,264309
17,48219,10273,58492
27,20294,6815,27109
3,10421,4921,15342
3,6596,1336,7932
10,12912,3727,16639
13,11487,2176,13663
23,54107,11731,65838
9,46473,10849,57322
7,8598,7103,15701
1,574,386,960
6,2608,23006,25614
7,69013,7059,76072
2,5562,1308,6870
2,84422,1909,86331
8,5613,1758,7371
17,25577,8789,34366
3,3912,1516,5428
9,29052,6672,35724
20,6486,2799,9285
6,5426,3467,8893
8,4862,2102,6964
1,508,780,1288
1,3887,2202,6089
1,65,75,140
15,57003,21945,78948
4,6238,2194,8432
2,2367,1105,3472
13,38228,8634,46862
5,1095,468,1563
17,19521,1961,21482
4,3258,1702,4960
4,5462,2337,7799
1,26,69,95
7,40987,8557,49544
1,6206,1356,7562
1,158,124,282
16,17975,5553,23528
16,17303,6388,23691
1,332,226,558
1,475,345,820
5,71381,7074,78455
5,12220,2275,14495
4,6995,2059,9054
1,373,210,583
8,6633,2287,8920
28,33748,11404,45152
8,4060,2154,6214
7,50459,8535,58994
24,5517,2625,8142
11,67762,9791,77553
12,9813,3055,12868
6,17520,5211,22731
13,10285,5202,15487
13,1020,524,1544
2,2356,1139,3495
2,1186,436,1622
3,15889,5290,21179
4,34171,7464,41635
15,181542,10939,192481
10,22553,9493,32046
16,24498,7478,31976
3,14995,2848,17843
8,40677,10760,51437
1,7105,2380,9485
14,30277,8877,39154
5,3466,1177,4643
11,35409,9329,44738
1,22,69,91
5,8447,2047,10494
2,5966,2652,8618
1,30698,2212,32910
5,1926,873,2799
7,3581,3392,6973
1,109,103,212
4,2187,1180,3367
5,18845,4151,22996
7,7677,3299,10976
4,1277,927,2204
16,17118,7056,24174
1,80,50,130
10,156622,25261,181883
5,38986,5044,44030
1,21,55,76
6,89247,8769,98016
12,11054,3394,14448
19,29826,7645,37471
8,63416,6814,70230
7,45263,5365,50628
5,51947,8071,60018
2,1582,1199,2781
4,1494,879,2373
9,21257,5255,26512
5,24828,2316,27144
5,70068,6486,76554
1,194,144,338
20,10474,3073,13547
2,4908,1557,6465
7,23846,3828,27674
9,6275,2763,9038
1,15283,2339,17622
3,12196,3096,15292
5,1773,1230,3003
2,13559,2641,16200
1,629,403,1032
4,29255,9071,38326
24,5189,2801,7990
14,56278,4931,61209
2,24875,2112,26987
3,36197,3781,39978
11,48077,4168,52245
11,44827,12554,57381
5,1908,909,2817
11,17469,6531,24000
19,31903,6796,38699
27,48319,13852,62171
2,457,381,838
4,4682,1028,5710
3,114601,11407,126008
14,48824,5909,54733
9,7304,2518,9822
8,12508,2190,14698
7,799,638,1437
18,4895,3977,8872
3,212,291,503
7,37552,5462,43014
6,3495,2038,5533
14,10358,6613,16971
19,14478,5406,19884
1,43,74,117
8,1074,1068,2142
11,3318,2023,5341
6,2495,2361,4856
2,4240,1284,5524
11,8131,4288,12419
3,395,377,772
2,303,462,765
7,1762,1367,3129
30,76027,16232,92259
5,2620,1119,3739
16,11852,3460,15312
8,24447,4911,29358
10,5358,2683,8041
8,3206,1225,4431
22,45368,5274,50642
14,20034,4120,24154
9,7461,2174,9635
8,6422,1623,8045
5,3750,1262,5012
11,5863,2808,8671
5,24439,3883,28322
18,10059,4188,14247
19,9773,6373,16146
33,32282,8034,40316
8,10898,3670,14568
7,705,653,1358
2,8142,1122,9264
2,64,154,218
30,133494,22746,156240
6,18584,4234,22818
8,78791,10916,89707
4,39690,5027,44717
41,52087,20482,72569
16,27901,8459,36360
7,5092,3607,8699
6,1515,1199,2714
8,602,691,1293
5,1590,696,2286
26,76765,10583,87348
9,22532,13666,36198
2,322,588,910
7,23448,6915,30363
7,4916,2296,7212
11,3373,2176,5549
8,8661,2411,11072
10,4588,2901,7489
6,1587,1628,3215
17,32995,5228,38223
15,32923,7758,40681
3,1606,690,2296
11,13627,3808,17435
4,5862,1447,7309
4,753,617,1370
4,843,544,1387
8,9506,2772,12278
6,165840,6943,172783
5,19056,4088,23144
16,14781,6462,21243
6,793,753,1546
6,18260,6609,24869
27,3697,2300,5997
29,26457,7854,34311
21,37151,7289,44440
1,71,98,169
9,1026,780,1806
3,269,345,614
4,2141,978,3119
9,1436,1019,2455
14,38870,9736,48606
4,9274,1438,10712
1,127,146,273
1,199,150,349
6,596,1016,1612
1,44,85,129
1,1511,718,2229
2,93,122,215
5,3452,1577,5029
3,4455,791,5246
4,7727,2911,10638
8,19413,2934,22347
4,2342,1624,3966
16,56718,6281,62999
5,1616,1205,2821
7,418,477,895
5,30661,2889,33550
10,3911,4488,8399
8,95199,7143,102342
7,2041,1004,3045
2,4380,662,5042
8,51963,10293,62256
26,12413,4833,17246
22,4752,3194,7946
19,1234,1227,2461
6,1414,1120,2534
14,18958,23771,42729
2,6571,2370,8941
2,413,287,700
3,2263,1548,3811
7,9653,2771,12424
6,3746,1445,5191
2,4579,1054,5633
6,14217,2011,16228
10,5667,2453,8120
21,3413,2054,5467
17,3468,2338,5806
3,10892,1907,12799
4,5931,2287,8218
12,3873,2007,5880
12,2803,1620,4423
3,65597,3308,68905
2,131,189,320
15,23648,5282,28930
12,85597,5218,90815
15,1524,1191,2715
5,39317,2578,41895
5,268,239,507
6,177787,8440,186227
21,99189,15023,114212
2,292,246,538
3,2065,407,2472
9,6560,2261,8821
7,16583,3862,20445
14,19589,5286,24875
21,33520,5828,39348
1,1912,649,2561
1,211,243,454
5,401,530,931
5,51150,3031,54181
2,62,78,140
5,2074,1080,3154
32,107448,13534,120982
2,4018,1276,5294
7,1286,1004,2290
8,24776,4752,29528
5,452,301,753
27,8372,4788,13160
6,24948,3846,28794
6,3066,1910,4976
1,20,52,72
2,20837,2145,22982
13,32516,5111,37627
9,37507,11491,48998
6,18036,8771,26807
19,39685,15616,55301
3,5110,3384,8494
16,8038,6210,14248
2,311,280,591
1,301,146,447
15,7078,3664,10742
1,41,76,117
6,5730,2286,8016
13,18913,6317,25230
10,5288,3255,8543
3,246,228,474
7,58659,3154,61813
6,1441,1657,3098
5,5073,1887,6960
9,21049,7080,28129
7,839,818,1657
23,41134,4976,46110
2,391,514,905
22,20732,7042,27774
14,3311,1711,5022
11,63708,4388,68096
17,7710,5131,12841
6,2014,1242,3256
16,2993,2213,5206
9,2124,2058,4182
7,510,637,1147
21,15361,3844,19205
10,15681,2892,18573
10,5532,1783,7315
3,2412,696,3108
6,536,515,1051
13,11492,2776,14268
8,6733,2768,9501
18,60610,3429,64039
3,680,322,1002
24,29895,9040,38935
15,36918,9891,46809
5,27587,3922,31509
1,52,125,177
2,210,250,460
17,8611,2954,11565
8,2576,1868,4444
4,849,1117,1966
6,4109,1659,5768
5,302,390,692
8,6441,6624,13065
9,14413,3823,18236
6,2012,972,2984
26,65533,18011,83544
7,3511,1663,5174
1,183,318,501
23,13408,6090,19498
11,88605,13339,101944
27,3890,2147,6037
7,32586,6211,38797
3,3019,1181,4200
5,7324,8269,15593
3,3038,1889,4927
5,40371,8949,49320
5,8387,3254,11641
11,75950,5281,81231
10,30603,9163,39766
4,47815,3885,51700
2,4945,2502,7447
17,19454,5826,25280
1,59658,4111,63769
15,77016,6822,83838
2,513,368,881
2,5835,1569,7404
4,4233,1708,5941
5,930,678,1608
9,9259,3432,12691
11,2591,1205,3796
9,5693,2094,7787
2,359,324,683
4,366,446,812
1,6504,1101,7605
3,7854,3557,11411
4,2202,1016,3218
9,2494,2168,4662
3,10853,1691,12544
3,6284,2239,8523
5,1904,860,2764
9,12259,7000,19259
3,1237,1057,2294
7,19217,5793,25010
10,69008,28903,97911
13,80335,23267,103602
22,163946,30788,194734
5,21184,10616,31800
3,848,764,1612
7,37938,6779,44717
1,383,186,569
12,27291,18773,46064
2,58042,10971,69013
4,619,700,1319
1,2271,738,3009
13,47218,13550,60768
1,661,777,1438
1,280,202,482
6,3918,1442,5360
1,50,52,102
17,247879,24779,272658
5,136142,5440,141582
3,70787,6019,76806
3,932,1308,2240
5,18175,2544,20719
8,26175,5068,31243
5,4232,2514,6746
10,24476,3271,27747
27,29700,8854,38554
3,63534,13891,77425
7,580,833,1413
20,6458,4614,11072
2,6730,2426,9156
19,14726,16855,31581
24,45314,9131,54445
47,32460,9123,41583
4,827,798,1625
3,31542,6199,37741
3,502,512,1014
4,32076,2513,34589
2,215,178,393
13,44445,9930,54375
2,3287,1838,5125
2,67746,8454,76200
15,70724,8690,79414
6,9325,3028,12353
10,17415,5364,22779
1,221,142,363
7,4739,3563,8302
1,272,372,644
6,5166,1988,7154
20,47977,8722,56699
2,40366,3879,44245
3,6417,2362,8779
3,2197,997,3194
6,1082,608,1690
11,13937,6683,20620
7,2439,1521,3960
1,12482,2522,15004
11,18656,3404,22060
2,201,181,382
3,1771,786,2557
5,40610,9017,49627
10,43445,7591,51036
5,27453,7669,35122
15,98256,16083,114339
7,10064,3748,13812
14,17490,11946,29436
16,15229,6646,21875
4,5628,3985,9613
10,28182,14167,42349
25,65228,18368,83596
7,3153,1470,4623
11,18541,5487,24028
5,11861,5399,17260
21,11741,8310,20051
6,25173,3268,28441
2,15990,1761,17751
8,23745,3435,27180
19,12700,6263,18963
3,6473,3548,10021
4,571,284,855
5,1170,1194,2364
5,8527,2542,11069
16,4933,3248,8181
4,74616,7302,81918
5,3419,2292,5711
14,70099,9754,79853
9,3974,2002,5976
2,774,801,1575
2,678,715,1393
